target midpoint
0,5 0,6653417
0,5 0,6501878
0,5 0,6501878
0,5 0,6164136
0,5 0,5879122
0,5 0,5753966
0,5 0,5194566
0,5 0,5194566
0,5 0,5194566
0,5 0,4777142
0,5 0,4554879
0,5 0,4449735
0,5 0,4468775
0,5 0,4468775
0,5 0,4111189
0,5 0,4047085
0,5 0,4047085
0,5 0,4047085
0,5 0,4047085
0,5 0,4047085
0,5 0,4047085
0,5 0,4047085
0,5 0,4069148
0,5 0,4114935
0,5 0,3964086
0,5 0,4249202
0,5 0,37007
0,5 0,3996756
0,5 0,3862374
0,5 0,3862374
0,5 0,3862374
0,5 0,3862374
0,5 0,3862374
0,5 0,3899122
0,5 0,3958542
0,5 0,3958542
0,5 0,4121054
0,5 0,3931971
0,5 0,3876925
0,5 0,4072363
0,5 0,3884917
0,5 0,4082464
0,5 0,401754
0,5 0,3955997
0,5 0,4061568
0,5 0,385736
0,5 0,3912323
0,5 0,3912323
0,5 0,397282
0,5 0,4047668
0,5 0,4039587
0,5 0,3938282
0,5 0,3938273
0,5 0,4041228
0,5 0,4041228
0,5 0,4041228
0,5 0,3994995
0,5 0,3994995
0,5 0,4074882
0,5 0,4299193
0,5 0,4393407
0,5 0,4040418
0,5 0,4003521
0,5 0,4003521
0,5 0,4003531
0,5 0,4024902
0,5 0,4348346
0,5 0,4348346
0,5 0,4309617
0,5 0,4125141
0,5 0,4157424
0,5 0,4157424
0,5 0,4180039
0,5 0,4191137
0,5 0,3763948
0,5 0,3976881
0,5 0,3976881
0,5 0,3976871

0,75 0,3996652
0,75 0,4201207
0,75 0,4070345
0,75 0,5150846
0,75 0,5367638
0,75 0,5783196
0,75 0,6558701
0,75 0,6558701
0,75 0,6495899
0,75 0,6539274
0,75 0,6710213
0,75 0,6710125
0,75 0,6822222
0,75 0,687216
0,75 0,6967628
0,75 0,6982765
0,75 0,6616744
0,75 0,6616744
0,75 0,6732382
0,75 0,6801631
0,75 0,7376499
0,75 0,7425814
0,75 0,7498689
0,75 0,7529806
0,75 0,6749234
0,75 0,6750401
0,75 0,6270813
0,75 0,6566893
0,75 0,6566893
0,75 0,6566893
0,75 0,6566893
0,75 0,6566893
0,75 0,6566893
0,75 0,6566893
0,75 0,6068009
0,75 0,5927976
0,75 0,6547547
0,75 0,6714578
0,75 0,6714579
0,75 0,6167212
0,75 0,6167212
0,75 0,584048
0,75 0,584048
0,75 0,6420773
0,75 0,6462012
0,75 0,643536
0,75 0,684167
0,75 0,692388
0,75 0,692388
0,75 0,692388
0,75 0,6613662
0,75 0,6784315
0,75 0,6907216
0,75 0,6907216
0,75 0,6362196
0,75 0,6327593
0,75 0,5983886

1,25 0,6693452
1,25 0,6693452
1,25 0,6693452
1,25 0,6693452
1,25 0,6859811
1,25 0,6859811
1,25 0,6859811
1,25 0,6859811
1,25 0,7360224
1,25 0,8740898
1,25 0,9265661
1,25 0,9238024
1,25 0,9029742
1,25 0,9029742
1,25 1,114255
1,25 1,172014
1,25 1,172039
1,25 1,172039
1,25 1,201393
1,25 0,9439182
1,25 0,8309373
1,25 0,8309373
1,25 1,003253
1,25 0,969119
1,25 0,9049028
1,25 0,8741711
1,25 0,973957
1,25 0,9597435
1,25 1,026047
1,25 1,026047
1,25 1,026047
1,25 1,026047
1,25 1,026047
1,25 1,026047
1,25 1,026047
1,25 1,026047
1,25 1,045159
1,25 1,045159
1,25 1,045159
1,25 0,9111376
1,25 0,9111376
1,25 0,9111376
1,25 0,9111376
1,25 0,9111376
1,25 1,050511
1,25 0,9927264
1,25 0,9747749
1,25 1,042367
1,25 1,047764
1,25 1,047764
1,25 1,098549
1,25 1,186012
1,25 1,08276
1,25 1,12838
1,25 1,089644
1,25 1,041422
1,25 1,041422
1,25 1,010182
1,25 1,083577
1,25 0,9634104
1,25 0,9634106
1,25 1,068265
1,25 1,021824
1,25 1,014666
1,25 1,07229
1,25 1,07229
1,25 1,047169
1,25 1,038034
1,25 1,038034
1,25 1,038034
1,25 1,301155
1,25 1,259657

2,25 1,196668
2,25 1,210457
2,25 1,486205
2,25 1,486206
2,25 1,696398
2,25 1,761938
2,25 1,895162
2,25 1,940616
2,25 1,939421
2,25 1,877553
2,25 1,877455
2,25 1,763188
2,25 1,763188
2,25 1,763188
2,25 1,763188
2,25 1,763188
2,25 2,474915
2,25 2,474915
2,25 2,474915
2,25 1,890845
2,25 1,365488
2,25 1,365488
2,25 1,791902
2,25 1,791902
2,25 1,791902
2,25 1,791902
2,25 1,791989
2,25 1,791989
2,25 1,791989
2,25 1,791989
2,25 1,791989
2,25 1,877818
2,25 1,974823
2,25 1,85767
2,25 1,603774
2,25 1,821354
2,25 1,770366
2,25 1,967641
2,25 2,048406
2,25 2,00273
2,25 2,154787
2,25 2,004027
2,25 2,04106
2,25 2,104867
2,25 2,234362
2,25 2,234362
2,25 2,234362
2,25 2,234362
2,25 2,234362
2,25 2,234362
2,25 2,234362
2,25 2,234362
2,25 1,915348
2,25 1,682525
2,25 2,208551
2,25 2,208551
2,25 1,912015
2,25 2,13214
2,25 2,092136
2,25 2,043895
2,25 1,808698
2,25 1,808698
2,25 1,969827
2,25 2,006247
2,25 2,405602
2,25 2,405602
2,25 1,648514

4,25 2,605744
4,25 2,370343
4,25 2,769127
4,25 2,768809
4,25 2,493397
4,25 2,493397
4,25 2,759514
4,25 2,476624
4,25 2,476384
4,25 2,906906
4,25 2,414197
4,25 2,413974
4,25 2,480726
4,25 2,276001
4,25 2,625159
4,25 2,463732
4,25 2,37834
4,25 2,37834
4,25 3,019345
4,25 3,11187
4,25 3,111425
4,25 3,111425
4,25 3,066047
4,25 3,289469
4,25 2,873916
4,25 2,873916
4,25 2,550231
4,25 2,52937
4,25 3,168163
4,25 2,694667
4,25 2,443287
4,25 2,509756
4,25 2,441735
4,25 2,311767
4,25 2,766317
4,25 2,821698
4,25 2,627712
4,25 3,222523
4,25 3,233992
4,25 2,836507
4,25 3,416853
4,25 3,683627

8,25 4,978768
8,25 5,080955
8,25 7,7747
8,25 6,182207
8,25 9,123633
8,25 5,60569
8,25 5,663201
8,25 5,660059
8,25 5,5782
8,25 5,572729
8,25 5,572729
8,25 8,557752
8,25 8,568745
8,25 7,90655
8,25 6,886372
8,25 4,850135
8,25 4,679283
8,25 4,679283
8,25 6,156434
8,25 5,058009
8,25 5,058009

